1 1 8
2 9 13
3 14 18
4 19 30
5 31 37
6 38 45
7 46 52
8 53 61
9 62 70
10 71 88
11 89 97
12 98 103
13 104 110
14 111 118
15 119 123
16 124 130
17 131 140
18 141 151
19 152 159
20 160 170
21 171 179
22 180 184
23 185 192
24 193 199
25 200 207
26 208 216
27 217 227
28 228 237
29 238 246
30 247 253
31 254 261
32 262 268
33 269 277
34 278 282
35 283 291
36 292 298
37 299 308
38 309 315
39 316 326
40 327 335
41 336 341
42 342 345
43 346 354
44 355 362
45 363 370
46 371 379
47 380 383
48 384 391
49 392 395
50 396 399
51 400 406
52 407 410
53 411 417
54 418 424
55 425 431
56 432 440
57 441 448
58 449 455
59 456 466
60 467 473
61 474 481
62 482 485
63 486 495
64 496 502
65 503 510
66 511 517
67 518 529
68 530 537
69 538 545
70 546 555
71 556 564
72 565 575
73 576 583
74 584 592
75 593 600
76 601 608
77 609 613
78 614 618
79 619 626
80 627 637
81 638 649
82 650 655
83 656 664
84 665 676
85 677 683
86 684 691
87 692 702
88 703 711
89 712 715
90 716 723
91 724 730
92 731 738
93 739 749
94 750 757
95 758 765
96 766 773
97 774 782
98 783 791
99 792 798
100 799 805
101 806 817
102 818 826
103 827 833
104 834 842
105 843 850
106 851 859
107 860 864
108 865 871
109 872 875
110 876 879
111 880 883
112 884 889
113 890 898
114 899 902
115 903 911
116 912 919
117 920 926
118 927 933
119 934 940
120 941 952
121 953 962
122 963 969
123 970 978
124 979 985
125 986 989
126 990 995
127 996 1002
128 1003 1009
129 1010 1017
130 1018 1026
131 1027 1035
132 1036 1044
133 1045 1051
134 1052 1060
135 1061 1068
136 1069 1072
137 1073 1081
138 1082 1090
139 1091 1099
140 1100 1104
141 1105 1116
142 1117 1125
143 1126 1136
144 1137 1148
145 1149 1157
146 1158 1166
147 1167 1173
148 1174 1182
149 1183 1191
150 1192 1203
151 1204 1211
152 1212 1216
153 1217 1221
154 1222 1229
155 1230 1236
156 1237 1245
157 1246 1252
158 1253 1263
159 1264 1269
160 1270 1277
161 1278 1282
162 1283 1287
163 1288 1299
164 1300 1306
165 1307 1314
166 1315 1321
167 1322 1330
168 1331 1339
169 1340 1348
170 1349 1357
171 1358 1363
172 1364 1370
173 1371 1378
174 1379 1383
175 1384 1390
176 1391 1400
177 1401 1411
178 1412 1419
179 1420 1430
180 1431 1439
181 1440 1444
182 1445 1452
183 1453 1459
184 1460 1467
185 1468 1476
186 1477 1487
187 1488 1497
188 1498 1506
189 1507 1513
190 1514 1521
191 1522 1528
192 1529 1537
193 1538 1542
194 1543 1551
195 1552 1558
196 1559 1568
197 1569 1575
198 1576 1586
199 1587 1595
200 1596 1601
201 1602 1605
202 1606 1614
203 1615 1622
204 1623 1630
205 1631 1639
206 1640 1643
207 1644 1651
208 1652 1655
209 1656 1659
210 1660 1666
211 1667 1670
212 1671 1677
213 1678 1684
214 1685 1691
215 1692 1700
216 1701 1708
217 1709 1715
218 1716 1726
219 1727 1733
220 1734 1741
221 1742 1745
222 1746 1755
223 1756 1762
224 1763 1770
225 1771 1777
226 1778 1789
227 1790 1797
228 1798 1805
229 1806 1815
230 1816 1824
231 1825 1835
232 1836 1843
233 1844 1852
234 1853 1860
235 1861 1868
236 1869 1873
237 1874 1878
238 1879 1886
239 1887 1897
240 1898 1909
241 1910 1915
242 1916 1924
243 1925 1936
244 1937 1943
245 1944 1951
246 1952 1962
247 1963 1971
248 1972 1975
249 1976 1983
250 1984 1990
251 1991 1998
252 1999 2009
253 2010 2017
254 2018 2025
255 2026 2033
256 2034 2042
257 2043 2051
258 2052 2058
259 2059 2065
260 2066 2077
261 2078 2086
262 2087 2093
263 2094 2102
264 2103 2110
265 2111 2119
266 2120 2124
267 2125 2131
268 2132 2135
269 2136 2139
270 2140 2143
271 2144 2149
272 2150 2158
273 2159 2162
274 2163 2171
275 2172 2179
276 2180 2186
277 2187 2193
278 2194 2200
279 2201 2212
280 2213 2222
281 2223 2229
282 2230 2238
283 2239 2245
284 2246 2249
285 2250 2255
286 2256 2262
287 2263 2269
288 2270 2277
289 2278 2286
290 2287 2291
291 2292 2300
292 2301 2307
293 2308 2316
294 2317 2324
295 2325 2328
296 2329 2337
297 2338 2346
298 2347 2355
299 2356 2360
300 2361 2372
301 2373 2381
302 2382 2392
303 2393 2404
304 2405 2413
305 2414 2422
306 2423 2429
307 2430 2438
308 2439 2447
309 2448 2459
310 2460 2467
311 2468 2472
312 2473 2477
313 2478 2485
314 2486 2492
315 2493 2501
316 2502 2508
317 2509 2519
318 2520 2525
319 2526 2533
320 2534 2538
321 2539 2543
322 2544 2555
323 2556 2562
324 2563 2570
325 2571 2577
326 2578 2586
327 2587 2595
328 2596 2604
329 2605 2613
330 2614 2619
331 2620 2626
332 2627 2634
333 2635 2639
334 2640 2646
335 2647 2666
336 2667 2677
337 2678 2685
338 2686 2696
339 2697 2705
340 2706 2710
341 2711 2718
342 2719 2725
343 2726 2733
344 2734 2742
345 2743 2753
346 2754 2763
347 2764 2772
348 2773 2779
349 2780 2787
350 2788 2794
351 2795 2803
352 2804 2808
353 2809 2817
354 2818 2824
355 2825 2834
356 2835 2841
357 2842 2852
358 2853 2861
359 2862 2867
360 2868 2871
361 2872 2880
362 2881 2888
363 2889 2896
364 2897 2905
365 2906 2909
366 2910 2917
367 2918 2921
368 2922 2925
369 2926 2932
370 2933 2936
371 2937 2943
372 2944 2950
373 2951 2957
374 2958 2966
375 2967 2974
376 2975 2981
377 2982 2992
378 2993 2999
379 3000 3007
380 3008 3011
381 3012 3021
382 3022 3028
383 3029 3036
384 3037 3043
385 3044 3055
386 3056 3063
387 3064 3071
388 3072 3081
389 3082 3090
390 3091 3101
391 3102 3109
392 3110 3118
393 3119 3126
394 3127 3134
395 3135 3139
396 3140 3144
397 3145 3152
398 3153 3163
399 3164 3175
400 3176 3181
401 3182 3190
402 3191 3202
403 3203 3209
404 3210 3217
405 3218 3228
406 3229 3237
407 3238 3241
408 3242 3249
409 3250 3256
410 3257 3264
411 3265 3275
412 3276 3283
413 3284 3291
414 3292 3299
415 3300 3308
416 3309 3317
417 3318 3324
418 3325 3331
419 3332 3343
420 3344 3352
421 3353 3359
422 3360 3368
423 3369 3376
424 3377 3385
425 3386 3390
426 3391 3397
427 3398 3401
428 3402 3405
429 3406 3409
430 3410 3415
431 3416 3424
432 3425 3428
433 3429 3437
434 3438 3445
435 3446 3452
436 3453 3459
437 3460 3466
438 3467 3478
439 3479 3488
440 3489 3495
441 3496 3504
442 3505 3511
443 3512 3515
444 3516 3521
445 3522 3528
446 3529 3535
447 3536 3543
448 3544 3552
449 3553 3561
450 3562 3570
451 3571 3577
452 3578 3586
453 3587 3594
454 3595 3598
455 3599 3607
456 3608 3616
457 3617 3625
458 3626 3630
459 3631 3642
460 3643 3651
461 3652 3662
462 3663 3674
463 3675 3683
464 3684 3692
465 3693 3699
466 3700 3708
467 3709 3717
468 3718 3729
469 3730 3737
470 3738 3742
471 3743 3747
472 3748 3755
473 3756 3762
474 3763 3771
475 3772 3778
476 3779 3789
477 3790 3795
478 3796 3803
479 3804 3808
480 3809 3813
481 3814 3825
482 3826 3832
483 3833 3840
484 3841 3847
485 3848 3856
486 3857 3865
487 3866 3874
488 3875 3883
489 3884 3889
490 3890 3896
491 3897 3904
492 3905 3909
493 3910 3916
494 3917 3926
495 3927 3937
496 3938 3945
497 3946 3956
498 3957 3965
499 3966 3970
500 3971 3978
501 3979 3985
502 3986 3993
503 3994 4002
504 4003 4013
505 4014 4023
506 4024 4032
507 4033 4039
508 4040 4047
509 4048 4054
510 4055 4063
511 4064 4068
512 4069 4077
513 4078 4084
514 4085 4094
515 4095 4101
516 4102 4112
517 4113 4121
518 4122 4127
519 4128 4131
520 4132 4140
521 4141 4148
522 4149 4156
523 4157 4165
524 4166 4169
525 4170 4177
526 4178 4181
527 4182 4185
528 4186 4192
529 4193 4196
530 4197 4203
531 4204 4210
532 4211 4217
533 4218 4226
534 4227 4234
535 4235 4241
536 4242 4252
537 4253 4259
538 4260 4267
539 4268 4271
540 4272 4281
541 4282 4288
542 4289 4296
543 4297 4303
544 4304 4315
545 4316 4323
546 4324 4331
547 4332 4341
548 4342 4350
549 4351 4361
550 4362 4369
551 4370 4378
552 4379 4386
553 4387 4394
554 4395 4399
555 4400 4404
556 4405 4412
557 4413 4423
558 4424 4435
559 4436 4441
560 4442 4450
561 4451 4462
562 4463 4469
563 4470 4477
564 4478 4488
565 4489 4497
566 4498 4501
567 4502 4506
568 4507 4513
569 4514 4521
570 4522 4532
571 4533 4540
572 4541 4545
573 4546 4553
574 4554 4562
575 4563 4571
576 4572 4578
577 4579 4585
578 4586 4597
579 4598 4606
580 4607 4613
581 4614 4622
582 4623 4630
583 4631 4639
584 4640 4644
585 4645 4651
586 4652 4655
587 4656 4659
588 4660 4663
589 4664 4669
590 4670 4678
591 4679 4682
592 4683 4691
593 4692 4699
594 4700 4706
595 4707 4713
596 4714 4720
597 4721 4732
598 4733 4742
599 4743 4749
600 4750 4758
601 4759 4765
602 4766 4769
603 4770 4775
604 4776 4782
605 4783 4789
606 4790 4797
607 4798 4806
608 4807 4815
609 4816 4824
610 4825 4831
611 4832 4840
612 4841 4848
613 4849 4852
614 4853 4861
615 4862 4870
616 4871 4879
617 4880 4884
618 4885 4896
619 4897 4905
620 4906 4916
621 4917 4928
622 4929 4937
623 4938 4946
624 4947 4953
625 4954 4962
626 4963 4971
627 4972 4983
628 4984 4991
629 4992 4996
630 4997 5001
631 5002 5009
632 5010 5016
633 5017 5025
634 5026 5032
635 5033 5043
636 5044 5049
637 5050 5070
638 5071 5091
639 5092 5112
640 5113 5133
641 5134 5134
642 5135 5135
643 5136 5136
644 5137 5137
645 5138 5138
646 5139 5159
647 5160 5174
648 5175 5175
649 5176 5176
650 5177 5197
651 5198 5218
652 5219 5219
653 5220 5220
654 5221 5241
655 5242 5262
656 5263 5283
657 5284 5304
658 5305 5325
659 5326 5346
660 5347 5347
661 5348 5348
662 5349 5349
663 5350 5350
664 5351 5351
665 5352 5352
666 5353 5353
667 5354 5354
668 5355 5375
669 5376 5396
670 5397 5397
671 5398 5398
672 5399 5419
673 5420 5440
674 5441 5461
675 5462 5462
676 5463 5463
677 5464 5484
678 5485 5505
679 5506 5506
680 5507 5527
681 5528 5548
682 5549 5569
683 5570 5574
684 5575 5575
685 5576 5596
686 5597 5611
687 5612 5612
688 5613 5613
689 5614 5614
690 5615 5635
691 5636 5640
692 5641 5645
693 5646 5646
694 5647 5647
